Id,SalePrice
1461,122097.0600451162
1462,159430.32875403165
1463,182526.10380724294
1464,201032.00791014172
1465,205336.58242618613
1466,171340.68547677452
1467,177662.98072045657
1468,166061.9753432418
1469,184674.27760433452
1470,122886.85514651219
1471,189379.3493800504
1472,97124.29067735463
1473,94830.190300546
1474,153059.1349171233
1475,117362.98031534496
1476,373528.3886331793
1477,244559.32954637322
1478,325519.0582870845
1479,328999.8232135667
1480,470537.26581607637
1481,312685.3518603563
1482,227972.18470910095
1483,171859.12166341735
1484,168986.65294592522
1485,191487.8727117246
1486,196615.68810350262
1487,324636.76486384036
1488,242827.96055149555
1489,196470.3085815679
1490,232793.06601483017
1491,192305.96087385382
1492,88557.64194408621
1493,176305.0069624274
1494,286625.239335731
1495,296395.1255851801
1496,227054.38162371475
1497,177603.0680230161
1498,172628.9789917949
1499,166779.38763496338
1500,160539.03989595405
1501,171154.2692017523
1502,157747.93427759982
1503,288137.75294011174
1504,242913.79006879704
1505,227093.95318721476
1506,194074.7477443872
1507,232057.44041857496
1508,195192.90406548238
1509,167961.52895610363
1510,147146.15137685506
1511,146851.52708650523
1512,170051.09030487065
1513,151275.56580867324
1514,135252.20238706254
1515,198842.84946034424
1516,152206.08686572078
1517,153007.68098035845
1518,133148.26278002496
1519,199643.88025850183
1520,133384.2601738575
1521,136233.43394242818
1522,168407.9198085721
1523,110993.87039762974
1524,128282.80991802966
1525,118200.31206732623
1526,110846.87636313264
1527,98538.59352463206
1528,137578.38130107181
1529,150628.0642017932
1530,176335.3785508642
1531,113838.82442808934
1532,102156.4871589779
1533,145831.73479229567
1534,113852.47972772489
1535,153845.20162747227
1536,114453.84823265442
1537,68182.66016914691
1538,137864.49479801068
1539,193741.18924134885
1540,86223.16815599691
1541,151636.5443607
1542,141337.72163198597
1543,206288.1377947046
1544,82079.17120404464
1545,112337.3660446746
1546,138501.14243826398
1547,142219.53116362498
1548,139472.46956315133
1549,119631.60283071821
1550,135711.77469117765
1551,105852.36833143185
1552,133637.17603091354
1553,139395.15885032553
1554,112362.53701023271
1555,182937.06680967277
1556,94083.88704992033
1557,102938.66021614164
1558,98972.96305272605
1559,94952.38985414134
1560,145259.55197278404
1561,114031.18715970276
1562,128975.02580077652
1563,124424.7071161712
1564,159199.4735784785
1565,153341.07979364018
1566,241032.39694682942
1567,76035.94846893963
1568,221169.23895375378
1569,116182.29557047167
1570,143428.57789636758
1571,115793.50456999961
1572,136670.62784652432
1573,231436.30342172275
1574,112715.16210673878
1575,210310.9696622846
1576,246552.5871403571
1577,194674.49732992915
1578,143498.62361845336
1579,135920.25277934613
1580,200254.96331976273
1581,152578.88386549283
1582,128757.7211186359
1583,300418.6098059578
1584,216477.6493840467
1585,139666.47685243888
1586,65472.21471523015
1587,100046.81511231167
1588,137511.16097771327
1589,94837.26632137457
1590,131957.59046085083
1591,97766.95273717915
1592,115941.06582045884
1593,118787.1329253357
1594,145324.48212667374
1595,132963.22456421988
1596,229650.98840290486
1597,191594.47163209703
1598,228167.35817963595
1599,170356.69134143298
1600,172411.64005936356
1601,67666.77219692698
1602,107402.55725367549
1603,82285.73995995137
1604,266511.1618108544
1605,242812.1973480761
1606,179025.59497043074
1607,175363.0783473606
1608,220660.36536728192
1609,184250.42531136065
1610,150905.90264011663
1611,150188.6464951733
1612,174261.03212578743
1613,166216.75052068828
1614,118233.0648529962
1615,91440.75788555175
1616,78091.76367923817
1617,91305.78608044834
1618,129167.84814211054
1619,139903.657653253
1620,190475.28382515954
1621,141406.4776053803
1622,137964.62955543218
1623,250452.12344037724
1624,209092.27565071906
1625,115133.50220970111
1626,164874.32797597998
1627,184022.81607092972
1628,276815.7399048809
1629,187694.8124816195
1630,337290.59431279177
1631,224786.98367172986
1632,246904.33538114297
1633,173390.95159711762
1634,185321.92478451724
1635,180928.40982346487
1636,158844.75475878015
1637,192566.0622882662
1638,186248.2800094207
1639,182916.89728625515
1640,261586.84475406652
1641,180449.32597513535
1642,239078.52732196555
1643,225408.9622457308
1644,248656.34436573673
1645,192284.47935400708
1646,163646.72262767935
1647,161985.7250994596
1648,137749.5754251337
1649,143427.8645294993
1650,110633.98577320845
1651,127402.49685270245
1652,97189.02070959279
1653,101753.3185358515
1654,147411.4162468902
1655,149409.75242439166
1656,144593.03887324213
1657,146360.89254924058
1658,146158.16362635273
1659,121573.57322527232
1660,153498.17748871166
1661,480099.66362591146
1662,400340.764060829
1663,376311.43795601
1664,487271.6246264872
1665,307847.6116355667
1666,304563.1253447526
1667,371855.13046118437
1668,338161.7519058044
1669,312826.0854499858
1670,335650.16237777285
1671,246372.02950342
1672,427987.51403601706
1673,297589.9863210324
1674,241587.48732333758
1675,196016.29378739468
1676,191131.25622492319
1677,218632.17161670732
1678,429739.90510170587
1679,366989.54216535646
1680,349086.5241849533
1681,249458.65286783746
1682,286068.9726909708
1683,182854.39003035476
1684,181173.20181961192
1685,172245.9244932355
1686,176947.61919968703
1687,174356.7698537978
1688,191953.48310811695
1689,190643.58013666788
1690,194969.16342131962
1691,186505.8238269101
1692,278007.6188569918
1693,185304.28655078364
1694,187748.21254699441
1695,167380.87268600566
1696,265409.30723209964
1697,175248.2095249035
1698,341687.0735185608
1699,303395.62365041603
1700,245314.33732685135
1701,273199.48281403794
1702,239057.15002344688
1703,251174.70217311528
1704,270949.94072174607
1705,242178.7872440706
1706,415109.1360199627
1707,212220.7786599122
1708,202968.1079455841
1709,262918.9859706217
1710,236825.55789640534
1711,283676.042975977
1712,259138.83155081447
1713,271146.2600092663
1714,230246.29837494798
1715,210362.8643452194
1716,179295.5339470981
1717,174147.38745440647
1718,138090.15340140014
1719,191294.27751683624
1720,225459.69984460212
1721,166771.9935138467
1722,134230.5926281456
1723,160131.0678977718
1724,208518.4847414724
1725,231385.90670728256
1726,196810.66479576562
1727,156703.9695803813
1728,179795.2150691374
1729,173406.66464896075
1730,155694.6682945091
1731,121813.91471141521
1732,131486.89195903423
1733,115394.939715945
1734,127355.54961286714
1735,132612.21179271405
1736,116075.55389149208
1737,321770.2685932986
1738,256060.450492623
1739,255295.83661278593
1740,220605.3450024742
1741,184607.91591796005
1742,171949.419056242
1743,178615.607283785
1744,300455.31792785425
1745,209049.03171258245
1746,198997.40349818757
1747,218181.06235769644
1748,215423.53058334143
1749,157176.99649703663
1750,123380.29237346078
1751,246157.53319889435
1752,121739.59824796999
1753,148512.32488180225
1754,185523.8720063936
1755,170177.6204463262
1756,131893.71404468035
1757,126143.68805444949
1758,146775.44997323808
1759,166670.49700963357
1760,160306.89136944484
1761,137920.37853232477
1762,183975.15613722996
1763,174741.92252632737
1764,125003.54484997471
1765,164635.32290123974
1766,171756.0979872534
1767,205106.60902927758
1768,142276.1999273398
1769,180920.31459280808
1770,148004.54348612507
1771,119645.1273652149
1772,138015.4437365875
1773,125935.63621906968
1774,141988.88318663763
1775,141014.12988295488
1776,125925.39177706809
1777,101958.2950608439
1778,135500.63893553842
1779,118941.63862297365
1780,181623.8481974361
1781,135649.6970798777
1782,86269.42655201754
1783,139034.85386953477
1784,104247.27376833482
1785,119532.40214069403
1786,144889.89822381758
1787,164632.8089115956
1788,58247.20133887005
1789,100532.50518530383
1790,77480.92378030307
1791,186288.9059453948
1792,158492.31444301447
1793,134413.19847118176
1794,154670.8801327131
1795,131674.72558586844
1796,123047.01279803833
1797,112867.50682786533
1798,120614.56540694971
1799,112384.28390489043
1800,128042.8845097149
1801,132146.044768804
1802,133262.6243089726
1803,148515.14063492639
1804,142220.29254495748
1805,138625.18769500655
1806,117952.20757338637
1807,125763.4004295537
1808,116946.42777017626
1809,114430.57434321468
1810,137714.57407431054
1811,98833.10082453815
1812,94143.41037584061
1813,126193.96177498176
1814,91973.20696036682
1815,52803.47312941448
1816,100074.94030707011
1817,114654.05701253467
1818,166181.34858608848
1819,122289.686465268
1820,60515.99068161742
1821,109559.66822322324
1822,148374.2040387062
1823,43053.40791484556
1824,123606.76534976192
1825,137999.01231067575
1826,104213.59392319772
1827,91731.67204165822
1828,131391.89618767198
1829,115911.44653749118
1830,144046.94332842372
1831,146067.72039575898
1832,95590.80041647081
1833,132168.17339361
1834,120453.53759993784
1835,125263.61036597175
1836,117543.0849499748
1837,85719.50651405987
1838,142482.65279775482
1839,94257.12607379231
1840,135634.435701936
1841,125334.0143889908
1842,83849.68106879217
1843,133111.51011723035
1844,136830.808588871
1845,141582.98495701747
1846,152328.24678750912
1847,168478.55421643914
1848,64964.478365029456
1849,107016.3958889506
1850,118386.71816527403
1851,158045.38020938722
1852,125228.8887415078
1853,133573.1465548427
1854,184460.56280094243
1855,165998.98924082104
1856,219078.8212434751
1857,159090.51836708357
1858,136564.04901320554
1859,121945.2277365319
1860,150315.18170026588
1861,120936.04309619198
1862,311335.81889324816
1863,304526.06482359726
1864,304511.41788630065
1865,332879.7931652185
1866,319822.8724685159
1867,221066.73411604358
1868,291281.5356000633
1869,203062.40799601824
1870,216995.5971387204
1871,264511.50811407214
1872,173233.1291329902
1873,233016.9798771919
1874,142607.37494335748
1875,201044.43254582136
1876,196113.35983030556
1877,202655.72226920893
1878,211203.62163000964
1879,127032.76736422436
1880,133694.6514202407
1881,223676.00599399145
1882,242269.97335282445
1883,188551.5878922201
1884,199977.19982812664
1885,237187.3261368021
1886,276766.7014470614
1887,200739.24377069843
1888,254559.7193308837
1889,167646.2986547476
1890,126773.9855198955
1891,130941.21948176736
1892,100356.88618057081
1893,129758.37248513919
1894,125992.64964241849
1895,145205.9299331319
1896,127383.13220825934
1897,109388.77806772194
1898,121226.39055254411
1899,153967.95341211927
1900,145688.7492482843
1901,185153.5201049366
1902,148002.30813784598
1903,229797.31086221285
1904,149741.9802456636
1905,202763.1024365285
1906,160862.97488347182
1907,200391.2841998824
1908,107522.30802485107
1909,132019.06517146697
1910,120239.44530492267
1911,226236.3086054739
1912,346551.20041084616
1913,137649.13785196244
1914,63437.598281838065
1915,295714.1490492454
1916,60687.61225815855
1917,248502.373615174
1918,137159.72767329265
1919,176865.3317317532
1920,152712.86252758407
1921,351237.9547553864
1922,297492.4686431519
1923,222467.97806033934
1924,223526.29325634657
1925,185796.1145736114
1926,361326.6852770035
1927,139401.24551981554
1928,157849.16495525074
1929,124132.90350777385
1930,132773.47993524573
1931,141577.19752574697
1932,145567.18477996785
1933,174222.8181247997
1934,181576.29093538772
1935,169537.21052286774
1936,188333.05763545295
1937,186709.11572676804
1938,177325.23345603357
1939,282115.88084166293
1940,195145.27757478657
1941,171905.6035133815
1942,188675.25989522488
1943,216219.0098717165
1944,395395.59783361864
1945,396249.17135903955
1946,181923.25612221353
1947,326525.33598796354
1948,183154.47642752263
1949,244663.622586266
1950,183608.21225097496
1951,250937.88732656263
1952,210442.79995729605
1953,171288.3456391654
1954,187188.1803868701
1955,136987.12911340367
1956,326988.9061808287
1957,158463.36917599913
1958,280475.40892595565
1959,145810.0013298218
1960,118974.5075498377
1961,128168.93407793989
1962,95247.51469860206
1963,101396.26378023917
1964,109000.94121999605
1965,153187.9083038179
1966,148214.37837622804
1967,286377.5463644673
1968,399932.8719058704
1969,389982.6747716875
1970,399706.9333925719
1971,446679.7449347682
1972,380256.6585740248
1973,285438.5449247506
1974,337954.1471246672
1975,457339.02655715623
1976,267195.85130331654
1977,348957.59867579304
1978,337710.45771892165
1979,342929.6409817522
1980,213008.2822224363
1981,337203.4093017107
1982,226246.7261533584
1983,224895.03018365253
1984,165165.49277143218
1985,205786.49152143928
1986,212310.43836213255
1987,175027.41954390804
1988,177049.89042078075
1989,196480.82269502615
1990,213210.60758453235
1991,231957.36295947002
1992,216978.87894295095
1993,174830.57518413127
1994,251636.76260581147
1995,189860.86950155368
1996,253717.12854129885
1997,328885.74437505903
1998,311267.0794850827
1999,271835.62980521854
2000,320506.50591485994
2001,261825.32688331747
2002,260971.44580616461
2003,260799.66727532534
2004,269417.6245255655
2005,243854.4398233625
2006,235301.38822513857
2007,257246.25798430078
2008,212095.0617829162
2009,198870.3430395872
2010,192839.00716994973
2011,152629.6049936239
2012,174097.07149070344
2013,185796.42202620037
2014,187763.08906136663
2015,206391.65521936104
2016,189617.84082786672
2017,203351.06218530977
2018,131713.46269667696
2019,138344.1977227486
2020,105243.61052405823
2021,109372.25149274169
2022,184277.76761045578
2023,150256.9676263934
2024,261782.68878662842
2025,328031.3085408565
2026,187637.15240001667
2027,160807.35748248742
2028,148018.57613670191
2029,165142.2671268403
2030,271623.32823886524
2031,233307.4969034852
2032,258110.03706729464
2033,262141.12274525006
2034,171560.9632332808
2035,221088.8768287975
2036,191867.52983212765
2037,196474.32428387908
2038,279219.5236006318
2039,198233.97416611825
2040,293882.42272348254
2041,291228.3560348331
2042,207592.37118230358
2043,177079.09571886156
2044,171147.82023163984
2045,214505.9306941744
2046,147668.6871331119
2047,148798.45115769038
2048,140261.00305322703
2049,137913.34190394383
2050,186317.1187583943
2051,101081.40438020535
2052,122394.97290721176
2053,144776.83142406007
2054,100258.78270864753
2055,158062.04398377397
2056,147370.59718186813
2057,123334.74263010046
2058,217682.4434678905
2059,138241.97190717777
2060,164344.19024102672
2061,174565.0168568475
2062,127403.48622914116
2063,123920.86061340325
2064,145855.0427236799
2065,124453.654676852
2066,168655.65746761186
2067,113599.3074125356
2068,141670.8723344385
2069,84143.66701117087
2070,116053.86958419929
2071,89271.02984042674
2072,133509.61261039638
2073,144348.52574667014
2074,186158.0705876244
2075,140871.68092409457
2076,120344.36354287635
2077,150933.2848628472
2078,122848.83226948304
2079,147103.85205301823
2080,124025.41086742668
2081,123324.22560974819
2082,114948.20417864062
2083,148591.8139561715
2084,113409.67996916956
2085,125890.23097050862
2086,114746.73595562065
2087,130117.28318825795
2088,85820.2753202313
2089,76646.79833145234
2090,125648.71957196217
2091,111611.29020219302
2092,130178.16255741354
2093,125311.32290142855
2094,105084.2347381392
2095,146225.7109094583
2096,80077.88100579078
2097,98792.26724324675
2098,147340.57270104223
2099,55565.60775802288
2100,95592.90758226454
2101,103836.4078249101
2102,129881.23133175971
2103,104979.86650105118
2104,132827.7727575352
2105,122567.5582198504
2106,78281.84022553587
2107,198420.36488963652
2108,115251.89176479932
2109,107406.01942388204
2110,122996.78941764761
2111,143106.52636730875
2112,144548.41596929025
2113,127847.49686348163
2114,125185.56546087137
2115,168123.03961350783
2116,111355.20795425214
2117,150320.33492249
2118,125097.98588357518
2119,116018.67870418905
2120,120131.57592117158
2121,89215.98594296604
2122,119428.81093284585
2123,81657.00049326292
2124,166813.54414961554
2125,128429.56292656585
2126,147153.40974018446
2127,157613.8268391547
2128,125044.85954846753
2129,99980.24044238747
2130,134652.48264670308
2131,148411.485005254
2132,113335.58051675506
2133,117482.23583082853
2134,128451.19839509082
2135,95114.89711998396
2136,76099.85697001254
2137,104651.89289361521
2138,132212.18903886632
2139,152941.24883207452
2140,134862.8939993259
2141,148020.38216363091
2142,127994.63277273596
2143,138004.52154276555
2144,115322.62196865583
2145,141886.7438268201
2146,163326.31039273762
2147,139871.35423055483
2148,143799.05917080835
2149,151753.7037576816
2150,236273.5739252418
2151,110120.12461346871
2152,161172.47160564456
2153,150837.15616537706
2154,106340.76095977105
2155,130765.74353572776
2156,244552.03146743504
2157,224813.55734536023
2158,235276.55838319514
2159,206037.21940799442
2160,178327.2680682204
2161,246078.4025712503
2162,341334.58714076196
2163,352127.67634660576
2164,235240.587333988
2165,199852.76462915228
2166,154234.8127007449
2167,203606.07821526125
2168,201359.5753104576
2169,199905.2283816008
2170,217606.81491959473
2171,152811.63309979162
2172,139316.72091050757
2173,179877.39283790567
2174,226175.95114594803
2175,279305.17885118397
2176,297837.4905875969
2177,237563.94608335206
2178,208036.36350415225
2179,137759.5624463275
2180,177195.71903653385
2181,204470.91011188633
2182,240553.66137665964
2183,203297.06361824519
2184,114327.46763390624
2185,122398.33737043611
2186,142051.2122460153
2187,151978.42245119842
2188,159084.35017181138
2189,297020.6540276335
2190,77844.0919341281
2191,79120.39995599771
2192,87749.14430672501
2193,110742.92273301788
2194,104310.48540247105
2195,112235.21899921485
2196,105618.66843578001
2197,116038.13346901798
2198,152565.79908916046
2199,179864.99990318983
2200,152771.28338270524
2201,148108.16509522428
2202,211617.67404775438
2203,133772.69383490534
2204,185678.17847783284
2205,124849.17941568966
2206,139063.13919875416
2207,207936.3225627864
2208,275876.6067460978
2209,237167.15681966936
2210,118867.75917652511
2211,110635.66584037662
2212,113586.40343485583
2213,111199.32809609741
2214,144124.5930529142
2215,100651.7130007942
2216,148902.17569443007
2217,67767.5891750212
2218,83749.64383989557
2219,76687.77105334248
2220,80642.51503535891
2221,301229.9365535736
2222,262377.86209300754
2223,298291.2686169709
2224,203274.8252668248
2225,120330.19711120709
2226,179414.2831899428
2227,197547.8421655341
2228,258878.67933236327
2229,239038.87833630026
2230,153458.4392418774
2231,203279.8548679361
2232,177697.07803782987
2233,178452.32658319597
2234,235939.1835099304
2235,217665.38034427588
2236,258406.76334305777
2237,313152.0396070276
2238,184540.75364948696
2239,117114.3222960174
2240,163559.4595213207
2241,150757.7648130159
2242,126172.68788857879
2243,126612.53122401422
2244,102120.48631289873
2245,102986.56615498319
2246,144502.73071241204
2247,108652.3758298301
2248,127269.47558290466
2249,126013.56349661408
2250,136930.27499959563
2251,152649.8494194056
2252,174833.4316461336
2253,152385.6598816649
2254,172246.14137718518
2255,176039.6888801923
2256,181523.21320340692
2257,205744.01658979198
2258,167654.74706693884
2259,171844.58679738533
2260,147071.07276132546
2261,189074.53907425865
2262,213501.45787787053
2263,398915.54981412855
2264,491311.63537777826
2265,173232.20608963518
2266,306352.62123501167
2267,355983.1314745744
2268,417875.9264180151
2269,149097.6743915752
2270,192619.35835446048
2271,211040.1953610104
2272,195680.3320947868
2273,167900.44966044155
2274,174704.03827091242
2275,159807.91021613986
2276,181949.96839666678
2277,181994.95008976175
2278,150231.50680657124
2279,128654.40134234235
2280,122254.7645095836
2281,163561.68002058734
2282,185930.43913330563
2283,106785.18024356986
2284,111401.95986032937
2285,143276.04287787015
2286,122707.99267683984
2287,351482.94361976604
2288,283222.005707863
2289,348194.85156747326
2290,423681.4835319463
2291,324771.6414960671
2292,443305.9039701262
2293,448555.42517708614
2294,370967.7430243759
2295,460132.52758589917
2296,266981.7102165044
2297,339720.8294346707
2298,326115.13805360126
2299,342592.88244162383
2300,332654.1570179917
2301,316291.73003890284
2302,243950.73325213342
2303,251776.29475651574
2304,237934.6268380783
2305,188035.89872064965
2306,183187.31933822532
2307,194807.3819479639
2308,240394.2833777759
2309,294136.034526704
2310,233840.78889681937
2311,198116.62582852866
2312,181233.4626940399
2313,176143.30563530294
2314,175571.4091611524
2315,174370.42365200998
2316,192183.88857986545
2317,184472.64901191278
2318,175198.40266073114
2319,181675.52161678052
2320,189357.801612179
2321,229726.20688601414
2322,179431.67346672545
2323,186568.8300470682
2324,184686.85207671006
2325,210401.42751637736
2326,174728.34593536027
2327,207374.68028913805
2328,228637.15834636564
2329,191955.1902828457
2330,178669.00437196938
2331,336966.3646911691
2332,392468.9024287461
2333,317833.79355589696
2334,263560.38808633696
2335,282946.366060037
2336,311534.7328814018
2337,201339.28715798978
2338,263806.7155228698
2339,232253.2480983717
2340,390699.8047193674
2341,229758.3973048189
2342,230925.86886916446
2343,224202.2991443
2344,218622.31261410762
2345,229125.24642756954
2346,228568.4645384049
2347,194863.91527830993
2348,246349.77436362748
2349,187624.3442675862
2350,311400.8034579763
2351,266676.6005538467
2352,264654.2275956005
2353,253719.94497892074
2354,134144.1369371492
2355,141449.3511905751
2356,157130.72907702334
2357,190441.77919606873
2358,193646.07594588565
2359,128701.92329720643
2360,113698.68688226583
2361,142861.32691249394
2362,268116.78237225715
2363,140786.65877068558
2364,153421.06958111256
2365,218906.76631720542
2366,200891.2754155391
2367,238972.07445034295
2368,218680.112470596
2369,228935.13473071973
2370,165758.99887672532
2371,166566.27080172134
2372,185342.67673493607
2373,284352.7468333269
2374,305315.1756235638
2375,225253.08211803212
2376,281671.8313697554
2377,297329.05630868697
2378,150609.86285626492
2379,199005.59652543557
2380,145026.76321637825
2381,158104.4381632117
2382,200816.4158603934
2383,204513.99226236748
2384,237110.4648187129
2385,163698.5605023699
2386,129920.08447403816
2387,130689.29307013302
2388,103708.46443058096
2389,133732.65175187908
2390,153561.14939185514
2391,145008.6941324025
2392,118845.8242705748
2393,174436.68951453245
2394,150591.0183660671
2395,203235.35477812108
2396,152112.11107509307
2397,209502.62973172945
2398,124385.62978606559
2399,57710.46682279337
2400,64142.86762135963
2401,123295.72553713396
2402,134634.0328689759
2403,144291.34795763373
2404,155440.68611102007
2405,159337.65052362363
2406,137988.57290423167
2407,121785.86321808663
2408,145164.17598193683
2409,124726.68429215928
2410,174914.40366074632
2411,116019.92440927768
2412,149510.96496428284
2413,132444.83331286878
2414,152258.98668460714
2415,130696.78138239146
2416,134264.72409976946
2417,145023.10127834324
2418,132343.52187679033
2419,120381.82467956064
2420,118960.69332599438
2421,146805.4851997298
2422,121550.394353215
2423,126497.12560261553
2424,138470.99022065505
2425,187452.88894274487
2426,132009.47445253466
2427,134812.58740547922
2428,164641.7030962525
2429,120933.16045724734
2430,129967.26292040551
2431,111277.16972661566
2432,142159.73357975617
2433,136392.73189187155
2434,138599.03570128663
2435,142542.48162715888
2436,104453.00360360045
2437,115668.15273824005
2438,120333.24803761356
2439,109980.71030937142
2440,122885.539533529
2441,87534.4565297774
2442,92471.13172049736
2443,125680.05283871002
2444,129169.44656469609
2445,90913.14531434554
2446,147563.15833155485
2447,176729.0554894053
2448,128584.71423764907
2449,120646.58902963986
2450,149703.34202610835
2451,126085.36652991996
2452,192246.41949757322
2453,90699.5043987325
2454,130280.2978886906
2455,118427.77703950298
2456,133761.11587688007
2457,127554.59641791668
2458,135166.89085872733
2459,113960.18144387144
2460,137118.8813022701
2461,128593.16290575956
2462,132683.90325596393
2463,132385.16694960743
2464,170269.22157302263
2465,147129.18167335913
2466,125970.76730986114
2467,137972.65854669316
2468,93242.52752516077
2469,82388.33311666962
2470,189643.04211677736
2471,197667.4204558671
2472,160061.18179560392
2473,116372.72212553216
2474,97164.42867924969
2475,227264.00607528066
2476,111570.19836910935
2477,122116.06742018244
2478,153920.30429203968
2479,105000.49735089621
2480,151197.99399661442
2481,119584.33061636897
2482,129423.10954439166
2483,113310.82674012307
2484,121827.62726606817
2485,134040.70386887452
2486,149491.23602265306
2487,175681.37489592572
2488,162176.33000630216
2489,146135.50134875075
2490,140959.36768895638
2491,96510.33239472711
2492,190487.7265714339
2493,151650.2350402055
2494,151311.39977945734
2495,94556.01431817055
2496,267660.795655333
2497,150558.95239608333
2498,111457.8113595378
2499,81830.10496554377
2500,121698.61399560017
2501,135838.18931908882
2502,129466.98513539742
2503,90472.33055591746
2504,178786.36967569846
2505,222381.78457697004
2506,250479.36609478891
2507,272281.522101679
2508,253017.95498479687
2509,229460.6754262233
2510,232858.5675640261
2511,179642.42810796108
2512,193552.59884128094
2513,216141.1683586961
2514,255042.88952881354
2515,147534.61356047407
2516,178364.62565054322
2517,143373.6206920024
2518,148436.29120219618
2519,222002.54874624824
2520,209639.47319722048
2521,186848.64600319593
2522,219926.67672768253
2523,125641.92580853301
2524,146505.23919988272
2525,148959.11078699975
2526,138936.9674893214
2527,117936.23951962497
2528,133922.71752397096
2529,130243.93671081963
2530,119717.78249880746
2531,228833.80652433488
2532,224967.33216134657
2533,191459.81641117134
2534,228504.89627228945
2535,285693.2080082413
2536,238536.60108153
2537,217258.55068547203
2538,183544.58060403503
2539,185311.8233089968
2540,178627.49240145952
2541,183766.11887104018
2542,166667.91068421648
2543,116752.04756970248
2544,121114.27612700884
2545,134438.37734986088
2546,138240.58319879265
2547,134757.49006022146
2548,147271.08433423567
2549,156124.01718226317
2550,626724.5639270176
2551,138783.42596890067
2552,127140.16658662964
2553,69043.9752658766
2554,98435.31415454356
2555,120950.73498931278
2556,103351.64435694317
2557,104091.8074997279
2558,149995.1670096732
2559,138186.8414757974
2560,154121.87216292595
2561,151201.22729936536
2562,139996.0114925091
2563,147194.12021720957
2564,201197.31565721525
2565,142035.7401735346
2566,163684.47294790336
2567,131957.85124383782
2568,197906.98810429304
2569,227363.42855501792
2570,119994.78695800237
2571,190962.0978290538
2572,146539.1076859372
2573,240755.81859629243
2574,280671.64861107245
2575,142449.49025733944
2576,127792.11307913787
2577,139702.8475424699
2578,90847.67145476211
2579,70638.56032045532
2580,103612.64841187908
2581,103997.6738795056
2582,104123.58977553269
2583,256884.8357535115
2584,172776.17112450371
2585,197182.18057420282
2586,211008.30648189798
2587,189994.89615450753
2588,137593.41748460653
2589,148623.07088114345
2590,205145.7157999195
2591,217511.46949660263
2592,210578.0130487153
2593,260061.01944762655
2594,185503.8025604844
2595,209788.8282975977
2596,288143.6738531713
2597,187902.318299362
2598,275273.8219177983
2599,311695.0053206306
2600,155512.68144749047
2601,140220.29564649344
2602,83477.32710537908
2603,95986.95208417627
2604,90383.67242981469
2605,78330.54174509921
2606,147348.32045152254
2607,186057.5722915224
2608,205582.72343424737
2609,165891.660105444
2610,114163.37972376899
2611,112337.314859476
2612,151765.58721189166
2613,132420.17575367342
2614,127662.98503123368
2615,159286.90503142538
2616,142979.91503514466
2617,177713.36631336494
2618,210561.99869222543
2619,199402.70200119805
2620,185504.30792792764
2621,174203.6859685534
2622,179314.08118687605
2623,238977.56533427566
2624,299387.2572488589
2625,287353.6331828946
2626,179134.91326544297
2627,177330.11319432434
2628,472076.6687520768
2629,495721.1292881312
2630,377495.0214525318
2631,485739.1460056083
2632,442689.05158522166
2633,310097.0067880878
2634,412414.4558817151
2635,157381.45362586368
2636,177453.50318068318
2637,169904.43615686952
2638,258417.4994901559
2639,192777.94579015335
2640,155483.5793458286
2641,108777.90683532997
2642,190397.9868445851
2643,105015.9598044279
2644,130266.77141403791
2645,112529.92290226647
2646,99268.23522730323
2647,100396.51706874555
2648,142565.78416999034
2649,153578.38367604566
2650,140132.97745453188
2651,148363.29369823448
2652,414566.7412793054
2653,268077.7485316563
2654,254268.04299110314
2655,356146.9783743679
2656,305487.54693921475
2657,337889.3877536915
2658,301947.041382793
2659,292095.8722576252
2660,378371.0822598371
2661,322366.8497540665
2662,340847.4003975758
2663,281295.3385896737
2664,281046.5451506148
2665,341226.8041344464
2666,289627.30588240025
2667,171577.20339770068
2668,181483.5232478562
2669,175367.28780286954
2670,266905.4641859894
2671,181598.87347152174
2672,190975.0817018043
2673,196872.94486828987
2674,196297.06155044388
2675,173304.13558306146
2676,191417.35953361497
2677,199796.37719957682
2678,248979.22159464797
2679,271522.3924539384
2680,298990.7993024767
2681,411991.28033932263
2682,315810.3273243168
2683,490155.7763611821
2684,311717.2420402499
2685,318524.28411319305
2686,248653.00897939297
2687,324334.24804071046
2688,216723.52557386603
2689,222322.70892403641
2690,447637.4420001329
2691,190913.4272938582
2692,144573.3213712521
2693,186956.0608250496
2694,142109.66265613196
2695,191374.48002793812
2696,183666.11181216995
2697,180387.95291982737
2698,182846.5664088102
2699,176928.75566895673
2700,166068.35330938795
2701,166869.34608070782
2702,125090.41337532854
2703,130602.83717416685
2704,143039.75750043622
2705,121204.2880987648
2706,122030.32479123518
2707,133038.99393121206
2708,133284.99624245148
2709,110452.56237440457
2710,128240.5920715309
2711,258608.38813323545
2712,368051.6970634209
2713,176377.23351134168
2714,152036.81271134605
2715,171924.08418358382
2716,149800.02789062785
2717,182170.51129499127
2718,222509.80167845899
2719,163217.4151861529
2720,174408.34086432937
2721,140797.32713597163
2722,156560.16039273978
2723,152423.26770893292
2724,129147.57919254189
2725,127835.1614537752
2726,146442.7934681804
2727,169247.3323109431
2728,177700.53274694498
2729,158005.94970263218
2730,152691.49465144734
2731,124017.90178147714
2732,133014.70811833383
2733,157352.77752239615
2734,161509.67267269664
2735,140078.16120524632
2736,145264.69068402462
2737,120914.59073124974
2738,134830.30666140738
2739,165847.8610996015
2740,139397.6462635371
2741,145436.58129542065
2742,166745.68216619693
2743,142238.02513526223
2744,148920.50547754116
2745,141063.49973632005
2746,134663.85175846418
2747,152077.90540873547
2748,133302.53388068863
2749,129223.75508978538
2750,137368.16117109283
2751,129051.01186730745
2752,183014.68535689052
2753,146270.25445155843
2754,220072.02591746493
2755,136638.74279839607
2756,88868.6714376754
2757,63392.211944159826
2758,85669.1243209698
2759,161032.90682726685
2760,122836.94269917064
2761,142429.31860334647
2762,146574.4278255482
2763,187449.4669449396
2764,147586.73835492207
2765,266798.1373193898
2766,131841.88868388956
2767,88004.60058761944
2768,121604.73484596668
2769,129554.63087108007
2770,145626.7841162184
2771,119129.91288320304
2772,112576.62314268954
2773,166361.59595322103
2774,138418.37795734694
2775,112772.18687629064
2776,140560.7658409145
2777,146341.05216943508
2778,106997.58954952976
2779,125184.48762933571
2780,89931.69864488387
2781,92868.70143396649
2782,97674.50023166937
2783,92029.11147200057
2784,128177.99893402286
2785,139554.2517085575
2786,66187.1259122141
2787,127107.86241010256
2788,76185.58614318474
2789,161594.31336060326
2790,107360.67978862824
2791,117970.11627338876
2792,51543.12099200045
2793,162441.6145810199
2794,98043.55148745902
2795,121140.43792886521
2796,94678.11051222813
2797,190001.3524834746
2798,101442.13669701159
2799,111550.88474696255
2800,70632.55907441393
2801,105869.9956237246
2802,129891.17225663849
2803,152954.39365230978
2804,143538.15836285512
2805,94854.20314429901
2806,80625.12365959215
2807,160838.87293246127
2808,148990.33903194204
2809,140328.64933980632
2810,127307.48589719489
2811,157239.5781531151
2812,149769.78358663974
2813,161277.7327925697
2814,163523.020820942
2815,95566.9771928465
2816,248092.09843272428
2817,167268.77674133217
2818,139157.81019097273
2819,161409.1044446749
2820,141041.19167502795
2821,104641.75175888138
2822,195275.59769048385
2823,285683.4497347102
2824,178297.05788612305
2825,132621.51544489508
2826,127088.60672026442
2827,132399.84389998333
2828,217563.6184953855
2829,193883.06919159903
2830,216203.4946337477
2831,180169.12623372997
2832,239382.5038071203
2833,297973.26255546114
2834,203323.54222120304
2835,228496.39934363798
2836,188514.19942439866
2837,155972.52088714534
2838,154613.5126579678
2839,178262.844669147
2840,196852.3045216029
2841,209837.1368390316
2842,220190.22512669698
2843,150733.7276048018
2844,168041.79913891904
2845,125570.34776697587
2846,211210.5270257523
2847,201258.14048882344
2848,216564.94268815644
2849,198351.52903932406
2850,277652.45564621745
2851,228827.69515328642
2852,236350.99408544527
2853,230198.31476466887
2854,142048.0018845412
2855,197878.50190291624
2856,195633.37525785196
2857,185003.94204032386
2858,193885.81153324962
2859,124303.14733427572
2860,127217.43399258754
2861,123457.8319718025
2862,189644.66501825745
2863,130385.17059402331
2864,231074.69364898113
2865,136378.82787765365
2866,140696.09866718148
2867,104036.19898173005
2868,100535.99488605715
2869,112084.14585821552
2870,129907.95185536856
2871,87688.42552908811
2872,51704.99886736761
2873,104396.45999964232
2874,125233.01466439292
2875,116760.7699139804
2876,167355.96863867185
2877,142776.00668459872
2878,159691.89104347973
2879,133254.35887464895
2880,101490.06648377667
2881,155598.30445978552
2882,173213.55168124297
2883,217395.59963246062
2884,219857.97787874084
2885,198979.3651923937
2886,238230.0134935105
2887,94634.39902566835
2888,149102.40642152185
2889,61626.11350713061
2890,78400.72052050423
2891,136522.31197886454
2892,50279.90957683453
2893,86140.05217413712
2894,60657.77782317419
2895,309969.63090088184
2896,266911.2145257304
2897,206277.085564367
2898,147940.47062816608
2899,216281.87181891836
2900,168998.0832798152
2901,208073.22876484093
2902,177909.8199538609
2903,319190.8824958955
2904,306877.85705418093
2905,86890.16283275482
2906,180901.62319272978
2907,107649.70536083117
2908,131101.21827737888
2909,152111.4332582813
2910,81678.12071820872
2911,85232.07849090234
2912,145711.69761677925
2913,82161.1563464856
2914,78228.50543936485
2915,86250.8892188504
2916,83631.64194238238
2917,157650.88611444476
2918,123884.88888080549
2919,223038.0155830011
